8.45774
8.92761
9.39748
9.39748
9.39748
9.39748
8.92761
8.92761
8.45774
8.45774
8.92761
8.92761
8.92761
8.92761
8.92761
8.92761
8.92761
8.92761
8.92761
8.92761
9.39748
9.39748
9.39748
9.39748
9.86736
9.86736
9.39748
9.39748
9.39748
9.39748
10.3372
10.8071
11.277
10.8071
10.3372
10.3372
10.3372
10.3372
10.3372
10.3372
10.3372
10.3372
10.3372
10.3372
10.3372
10.3372
10.3372
10.3372
10.3372
10.3372
10.3372
10.3372
10.3372
10.8071
11.277
11.277
11.277
11.277
10.8071
11.277
11.277
10.8071
10.8071
10.8071
10.3372
10.3372
10.3372
10.3372
10.3372
10.3372
10.3372
10.3372
10.3372
10.3372
9.86736
9.86736
9.86736
9.86736
10.3372
10.3372
9.86736
9.39748
8.92761
8.92761
8.92761
8.92761
9.39748
9.39748
9.39748
9.86736
9.86736
9.86736
9.86736
10.3372
10.3372
9.86736
9.86736
9.39748
9.39748
9.39748
9.39748
8.92761
8.92761
8.92761
9.39748
9.39748
9.39748
9.86736
9.86736
9.86736
9.86736
9.86736
9.86736
9.86736
9.39748
9.39748
9.39748
9.39748
9.39748
9.39748
8.92761
8.92761
9.39748
9.86736
9.86736
9.86736
9.86736
9.39748
9.39748
9.39748
9.39748
9.39748
9.86736
9.86736
9.39748
9.86736
9.86736
9.39748
9.39748
9.39748
9.39748
8.92761
8.92761
9.39748
9.86736
10.3372
10.3372
10.8071
11.277
10.8071
10.8071
11.277
11.277
11.7469
11.7469
12.2167
12.2167
12.2167
12.2167
12.6866
13.1565
12.6866
12.6866
12.6866
12.6866
13.1565
14.0962
14.5661
14.5661
14.0962
14.0962
14.0962
13.6264
14.0962
14.0962
13.1565
13.6264
15.036
15.036
16.3516
16.3516
16.3516
16.3516
15.9757
15.9757
15.9757
15.9757
15.9757
15.9757
15.9757
15.9757
15.9757
15.5058
15.036
15.036
15.5058
15.5058
15.9757
15.9757
15.9757
15.9757
15.9757
15.5058
15.5058
15.9757
15.5058
16.3516
17.3239
18.354
18.354
18.354
20.6017
19.4454
19.4454
20.6017
20.6017
20.6017
20.6017
21.8268
24.4997
21.8268
23.1247
23.1247
23.1247
23.1247
24.4997
24.4997
23.1247
23.1247
23.1247
23.1247
21.8268
23.1247
23.1247
24.4997
24.4997
24.4997
23.1247
23.1247
21.8268
23.1247
24.4997
24.4997
25.9565
24.4997
24.4997
24.4997
25.9565
27.5
27.5
27.5
27.5
27.5
27.5
27.5
27.5
27.5
29.1352
29.1352
29.1352
29.1352
29.1352
29.1352
29.1352
30.8677
30.8677
30.8677
30.8677
30.8677
32.7032
32.7032
30.8677
30.8677
30.8677
30.8677
30.8677
30.8677
30.8677
32.7032
30.8677
32.7032
32.7032
32.7032
32.7032
32.7032
34.6478
34.6478
34.6478
34.6478
34.6478
36.7081
36.7081
38.8909
41.2034
38.8909
38.8909
38.8909
38.8909
38.8909
36.7081
36.7081
36.7081
36.7081
34.6478
36.7081
36.7081
38.8909
36.7081
36.7081
36.7081
36.7081
36.7081
36.7081
36.7081
36.7081
34.6478
32.7032
32.7032
32.7032
32.7032
34.6478
34.6478
34.6478
34.6478
34.6478
34.6478
34.6478
34.6478
34.6478
32.7032
32.7032
32.7032
32.7032
29.1352
30.8677
30.8677
30.8677
32.7032
34.6478
32.7032
32.7032
32.7032
32.7032
32.7032
32.7032
32.7032
32.7032
32.7032
32.7032
32.7032
30.8677
30.8677
30.8677
30.8677
32.7032
32.7032
34.6478
34.6478
32.7032
32.7032
34.6478
34.6478
34.6478
32.7032
32.7032
34.6478
34.6478
36.7081
36.7081
36.7081
38.8909
38.8909
38.8909
36.7081
38.8909
36.7081
36.7081
36.7081
36.7081
36.7081
38.8909
38.8909
38.8909
38.8909
38.8909
34.6478
34.6478
36.7081
38.8909
38.8909
41.2034
41.2034
41.2034
43.6535
46.2493
48.9994
51.9131
48.9994
48.9994
46.2493
46.2493
46.2493
48.9994
46.2493
46.2493
38.8909
30.8677
34.6478
36.7081
34.6478
30.8677
27.5
25.9565
27.5
32.7032
32.7032
32.7032
30.8677
32.7032
32.7032
30.8677
30.8677
30.8677
32.7032
32.7032
32.7032
30.8677
30.8677
30.8677
29.1352
30.8677
30.8677
30.8677
30.8677
29.1352
29.1352
27.5
29.1352
25.9565
27.5
27.5
30.8677
29.1352
30.8677
30.8677
32.7032
32.7032
36.7081
34.6478
34.6478
34.6478
34.6478
34.6478
34.6478
32.7032
36.7081
36.7081
36.7081
36.7081
36.7081
38.8909
38.8909
36.7081
38.8909
36.7081
36.7081
38.8909
38.8909
36.7081
36.7081
34.6478
36.7081
34.6478
36.7081
36.7081
36.7081
36.7081
36.7081
36.7081
36.7081
34.6478
34.6478
32.7032
34.6478
34.6478
34.6478
36.7081
36.7081
38.8909
36.7081
38.8909
38.8909
38.8909
38.8909
38.8909
38.8909
38.8909
38.8909
38.8909
38.8909
38.8909
38.8909
41.2034
41.2034
41.2034
41.2034
41.2034
41.2034
41.2034
41.2034
41.2034
38.8909
38.8909
41.2034
38.8909
36.7081
36.7081
36.7081
36.7081
36.7081
36.7081
36.7081
36.7081
38.8909
36.7081
38.8909
36.7081
36.7081
36.7081
34.6478
34.6478
36.7081
34.6478
36.7081
36.7081
36.7081
36.7081
36.7081
36.7081
36.7081
36.7081
36.7081
36.7081
36.7081
36.7081
36.7081
36.7081
36.7081
36.7081
36.7081
36.7081
38.8909
38.8909
36.7081
36.7081
36.7081
36.7081
36.7081
36.7081
36.7081
36.7081
38.8909
38.8909
38.8909
38.8909
38.8909
38.8909
41.2034
41.2034
41.2034
41.2034
41.2034
41.2034
41.2034
41.2034
41.2034
41.2034
43.6535
43.6535
43.6535
41.2034
43.6535
43.6535
43.6535
43.6535
46.2493
43.6535
43.6535
43.6535
43.6535
43.6535
43.6535
43.6535
43.6535
43.6535
43.6535
41.2034
38.8909
41.2034
38.8909
38.8909
36.7081
38.8909
38.8909
38.8909
36.7081
36.7081
36.7081
34.6478
34.6478
32.7032
32.7032
34.6478
34.6478
32.7032
34.6478
34.6478
34.6478
32.7032
30.8677
32.7032
32.7032
32.7032
34.6478
34.6478
34.6478
32.7032
32.7032
34.6478
34.6478
34.6478
34.6478
34.6478
34.6478
36.7081
34.6478
34.6478
34.6478
34.6478
34.6478
34.6478
36.7081
34.6478
34.6478
34.6478
34.6478
34.6478
32.7032
34.6478
32.7032
32.7032
32.7032
32.7032
32.7032
32.7032
32.7032
34.6478
32.7032
34.6478
34.6478
34.6478
34.6478
34.6478
34.6478
32.7032
32.7032
32.7032
32.7032
32.7032
32.7032
30.8677
30.8677
30.8677
30.8677
30.8677
32.7032
30.8677
30.8677
30.8677
30.8677
30.8677
30.8677
30.8677
30.8677
30.8677
30.8677
30.8677
30.8677
30.8677
30.8677
30.8677
32.7032
32.7032
32.7032
32.7032
32.7032
32.7032
30.8677
30.8677
32.7032
32.7032
32.7032
32.7032
34.6478
34.6478
34.6478
34.6478
34.6478
34.6478
34.6478
34.6478
34.6478
36.7081
34.6478
34.6478
34.6478
34.6478
34.6478
34.6478
34.6478
34.6478
34.6478
34.6478
34.6478
34.6478
34.6478
34.6478
34.6478
34.6478
36.7081
38.8909
38.8909
38.8909
38.8909
38.8909
38.8909
41.2034
41.2034
41.2034
38.8909
41.2034
38.8909
41.2034
41.2034
41.2034
38.8909
38.8909
38.8909
38.8909
38.8909
38.8909
38.8909
38.8909
41.2034
38.8909
34.6478
34.6478
34.6478
34.6478
34.6478
34.6478
32.7032
32.7032
30.8677
30.8677
32.7032
32.7032
32.7032
32.7032
32.7032
32.7032
32.7032
32.7032
32.7032
32.7032
32.7032
32.7032
32.7032
34.6478
34.6478
30.8677
32.7032
32.7032
34.6478
36.7081
36.7081
36.7081
36.7081
36.7081
36.7081
34.6478
36.7081
36.7081
36.7081
34.6478
34.6478
34.6478
34.6478
34.6478
34.6478
34.6478
36.7081
34.6478
36.7081
36.7081
36.7081
38.8909
38.8909
38.8909
36.7081
36.7081
38.8909
38.8909
38.8909
38.8909
38.8909
38.8909
36.7081
38.8909
38.8909
38.8909
38.8909
38.8909
36.7081
36.7081
36.7081
36.7081
36.7081
34.6478
36.7081
36.7081
36.7081
36.7081
34.6478
34.6478
34.6478
34.6478
36.7081
36.7081
34.6478
34.6478
36.7081
34.6478
34.6478
34.6478
34.6478
34.6478
34.6478
34.6478
34.6478
36.7081
36.7081
34.6478
34.6478
34.6478
34.6478
36.7081
34.6478
36.7081
36.7081
36.7081
36.7081
38.8909
38.8909
38.8909
36.7081
36.7081
36.7081
36.7081
36.7081
36.7081
36.7081
38.8909
38.8909
38.8909
38.8909
38.8909
38.8909
38.8909
38.8909
38.8909
38.8909
38.8909
38.8909
38.8909
38.8909
38.8909
41.2034
41.2034
41.2034
41.2034
41.2034
43.6535
43.6535
43.6535
43.6535
43.6535
43.6535
43.6535
43.6535
46.2493
46.2493
48.9994
51.9131
51.9131
55
51.9131
51.9131
51.9131
46.2493
48.9994
51.9131
51.9131
55
55
55
51.9131
51.9131
51.9131
51.9131
51.9131
55
51.9131
48.9994
51.9131
51.9131
55
55
55
55
58.2705
55
58.2705
58.2705
55
55
58.2705
58.2705
58.2705
58.2705
58.2705
55
58.2705
55
55
55
55
55
55
55
51.9131
51.9131
51.9131
48.9994
51.9131
51.9131
55
55
55
55
55
55
58.2705
58.2705
58.2705
58.2705
58.2705
58.2705
58.2705
58.2705
55
55
55
58.2705
58.2705
61.7354
61.7354
58.2705
58.2705
58.2705
58.2705
58.2705
58.2705
61.7354
61.7354
61.7354
61.7354
61.7354
61.7354
61.7354
61.7354
61.7354
61.7354
61.7354
61.7354
65.4064
65.4064
65.4064
61.7354
61.7354
61.7354
65.4064
65.4064
65.4064
65.4064
69.2957
69.2957
69.2957
65.4064
69.2957
69.2957
69.2957
69.2957
69.2957
73.4162
73.4162
77.7817
73.4162
73.4162
73.4162
73.4162
73.4162
73.4162
73.4162
73.4162
73.4162
73.4162
77.7817
77.7817
73.4162
73.4162
73.4162
77.7817
77.7817
77.7817
77.7817
82.4069
77.7817
77.7817
77.7817
77.7817
77.7817
77.7817
73.4162
73.4162
77.7817
73.4162
77.7817
77.7817
82.4069
82.4069
82.4069
82.4069
87.3071
87.3071
87.3071
82.4069
82.4069
82.4069
87.3071
92.4986
92.4986
97.9989
97.9989
97.9989
97.9989
97.9989
97.9989
97.9989
103.826
97.9989
97.9989
92.4986
97.9989
97.9989
97.9989
97.9989
97.9989
97.9989
97.9989
97.9989
103.826
103.826
97.9989
97.9989
97.9989
97.9989
97.9989
97.9989
97.9989
92.4986
92.4986
97.9989
97.9989
97.9989
97.9989
103.826
103.826
103.826
103.826
97.9989
97.9989
97.9989
92.4986
92.4986
92.4986
87.3071
87.3071
87.3071
87.3071
87.3071
87.3071
82.4069
77.7817
82.4069
82.4069
87.3071
82.4069
87.3071
82.4069
82.4069
77.7817
77.7817
69.2957
73.4162
69.2957
69.2957
77.7817
77.7817
82.4069
77.7817
77.7817
77.7817
82.4069
77.7817
73.4162
77.7817
73.4162
73.4162
77.7817
73.4162
77.7817
77.7817
82.4069
82.4069
77.7817
77.7817
77.7817
77.7817
77.7817
77.7817
82.4069
87.3071
87.3071
87.3071
82.4069
87.3071
87.3071
82.4069
77.7817
77.7817
73.4162
73.4162
73.4162
73.4162
82.4069
82.4069
82.4069
82.4069
87.3071
82.4069
82.4069
82.4069
82.4069
82.4069
82.4069
87.3071
87.3071
82.4069
82.4069
82.4069
87.3071
87.3071
87.3071
92.4986
87.3071
87.3071
92.4986
87.3071
92.4986
87.3071
92.4986
92.4986
92.4986
92.4986
97.9989
97.9989
97.9989
97.9989
97.9989
97.9989
97.9989
92.4986
97.9989
97.9989
97.9989
97.9989
97.9989
97.9989
97.9989
97.9989
97.9989
97.9989
97.9989
97.9989
97.9989
97.9989
97.9989
97.9989
97.9989
97.9989
97.9989
103.826
103.826
97.9989
103.826
110
110
110
116.541
116.541
116.541
116.541
116.541
123.471
123.471
123.471
130.813
130.813
130.813
130.813
138.591
130.813
138.591
138.591
130.813
138.591
130.813
130.813
130.813
130.813
130.813
138.591
130.813
130.813
138.591
130.813
138.591
138.591
146.832
138.591
138.591
130.813
130.813
123.471
130.813
130.813
123.471
130.813
130.813
130.813
123.471
123.471
130.813
138.591
138.591
138.591
138.591
146.832
146.832
146.832
146.832
146.832
146.832
138.591
146.832
138.591
146.832
146.832
146.832
138.591
138.591
130.813
130.813
130.813
130.813
130.813
130.813
130.813
130.813
130.813
130.813
138.591
130.813
138.591
138.591
138.591
130.813
130.813
130.813
130.813
130.813
130.813
130.813
138.591
146.832
146.832
146.832
146.832
146.832
146.832
146.832
146.832
146.832
146.832
146.832
146.832
146.832
146.832
146.832
146.832
146.832
146.832
130.813
130.813
130.813
130.813
130.813
130.813
130.813
130.813
138.591
123.471
123.471
116.541
130.813
130.813
130.813
130.813
130.813
138.591
130.813
130.813
130.813
130.813
130.813
130.813
130.813
130.813
138.591
138.591
146.832
146.832
146.832
146.832
138.591
146.832
146.832
155.563
155.563
164.814
164.814
164.814
155.563
155.563
155.563
164.814
164.814
164.814
164.814
164.814
164.814
164.814
164.814
164.814
164.814
164.814
155.563
155.563
164.814
155.563
164.814
164.814
164.814
164.814
164.814
164.814
164.814
164.814
164.814
174.614
174.614
174.614
174.614
174.614
174.614
164.814
174.614
174.614
174.614
174.614
174.614
174.614
174.614
184.997
174.614
174.614
174.614
174.614
174.614
174.614
174.614
174.614
174.614
174.614
174.614
184.997
184.997
184.997
174.614
184.997
184.997
184.997
184.997
195.998
195.998
195.998
195.998
184.997
184.997
184.997
184.997
184.997
184.997
184.997
184.997
184.997
184.997
195.998
195.998
195.998
195.998
207.652
195.998
195.998
195.998
195.998
195.998
195.998
195.998
195.998
207.652
207.652
207.652
207.652
207.652
220
220
220
220
220
233.082
233.082
246.942
246.942
246.942
246.942
246.942
261.626
246.942
246.942
233.082
233.082
246.942
246.942
246.942
233.082
233.082
246.942
246.942
233.082
246.942
246.942
246.942
246.942
246.942
246.942
233.082
246.942
233.082
233.082
233.082
233.082
233.082
220
220
233.082
246.942
246.942
246.942
246.942
246.942
233.082
233.082
233.082
233.082
233.082
233.082
233.082
233.082
246.942
246.942
246.942
246.942
246.942
246.942
246.942
246.942
246.942
233.082
233.082
233.082
233.082
233.082
233.082
233.082
220
233.082
233.082
233.082
233.082
246.942
246.942
246.942
233.082
233.082
233.082
233.082
220
220
220
220
220
220
220
233.082
233.082
233.082
220
220
220
220
220
220
220
220
233.082
233.082
233.082
220
220
233.082
233.082
246.942
233.082
246.942
233.082
233.082
233.082
220
220
220
220
220
207.652
220
220
220
220
220
207.652
207.652
195.998
207.652
207.652
207.652
207.652
207.652
195.998
207.652
207.652
207.652
207.652
207.652
207.652
207.652
207.652
207.652
207.652
207.652
207.652
207.652
220
220
220
220
207.652
220
220
207.652
207.652
207.652
207.652
207.652
207.652
207.652
207.652
207.652
207.652
207.652
207.652
207.652
207.652
207.652
207.652
220
220
220
220
220
220
220
220
233.082
233.082
233.082
233.082
233.082
233.082
233.082
233.082
233.082
233.082
233.082
233.082
220
220
233.082
233.082
233.082
233.082
246.942
246.942
246.942
246.942
246.942
246.942
246.942
246.942
246.942
246.942
261.626
261.626
261.626
261.626
261.626
261.626
261.626
261.626
261.626
261.626
261.626
261.626
261.626
261.626
277.183
277.183
277.183
277.183
277.183
277.183
277.183
261.626
277.183
277.183
261.626
261.626
277.183
261.626
277.183
277.183
277.183
261.626
261.626
277.183
277.183
261.626
261.626
261.626
261.626
261.626
246.942
261.626
261.626
261.626
261.626
261.626
261.626
261.626
261.626
261.626
246.942
246.942
246.942
261.626
261.626
261.626
261.626
261.626
261.626
277.183
261.626
261.626
261.626
261.626
261.626
261.626
261.626
261.626
261.626
246.942
261.626
246.942
261.626
261.626
261.626
246.942
261.626
261.626
246.942
246.942
246.942
246.942
233.082
233.082
246.942
233.082
233.082
233.082
246.942
246.942
246.942
246.942
246.942
246.942
246.942
246.942
246.942
246.942
246.942
246.942
261.626
261.626
261.626
246.942
246.942
246.942
246.942
246.942
246.942
261.626
261.626
261.626
261.626
277.183
261.626
261.626
261.626
261.626
261.626
261.626
261.626
261.626
261.626
261.626
261.626
261.626
261.626
246.942
246.942
233.082
233.082
246.942
246.942
246.942
246.942
261.626
261.626
261.626
261.626
261.626
261.626
261.626
246.942
246.942
246.942
261.626
261.626
277.183
277.183
277.183
261.626
261.626
277.183
277.183
277.183
277.183
277.183
277.183
277.183
277.183
277.183
261.626
261.626
261.626
277.183
277.183
261.626
261.626
261.626
261.626
261.626
261.626
261.626
261.626
261.626
261.626
261.626
261.626
261.626
246.942
246.942
246.942
246.942
246.942
246.942
246.942
246.942
233.082
233.082
233.082
233.082
220
233.082
233.082
220
233.082
220
220
220
220
220
220
220
220
207.652
207.652
220
220
233.082
233.082
233.082
220
220
220
220
220
207.652
207.652
220
220
233.082
220
220
220
220
220
233.082
220
220
220
220
220
220
220
233.082
233.082
246.942
246.942
246.942
246.942
246.942
246.942
246.942
246.942
246.942
246.942
246.942
246.942
246.942
246.942
246.942
233.082
246.942
233.082
233.082
233.082
233.082
233.082
233.082
233.082
233.082
233.082
233.082
233.082
233.082
220
233.082
233.082
233.082
233.082
246.942
246.942
233.082
246.942
233.082
233.082
233.082
233.082
233.082
233.082
233.082
233.082
233.082
246.942
246.942
246.942
246.942
246.942
246.942
233.082
233.082
233.082
233.082
233.082
233.082
233.082
246.942
246.942
233.082
233.082
233.082
246.942
246.942
233.082
233.082
233.082
233.082
246.942
246.942
246.942
246.942
246.942
246.942
246.942
246.942
246.942
246.942
246.942
246.942
246.942
246.942
246.942
246.942
246.942
246.942
246.942
246.942
246.942
246.942
233.082
233.082
233.082
233.082
233.082
233.082
233.082
233.082
233.082
233.082
233.082
233.082
233.082
233.082
233.082
246.942
246.942
246.942
233.082
233.082
233.082
233.082
233.082
233.082
246.942
246.942
246.942
246.942
246.942
246.942
246.942
246.942
246.942
261.626
261.626
246.942
246.942
246.942
246.942
246.942
261.626
261.626
261.626
261.626
261.626
246.942
246.942
246.942
246.942
261.626
261.626
261.626
277.183
277.183
277.183
277.183
277.183
277.183
277.183
277.183
277.183
277.183
261.626
277.183
277.183
277.183
293.665
277.183
277.183
277.183
293.665
293.665
293.665
293.665
293.665
311.127
311.127
311.127
311.127
311.127
311.127
311.127
311.127
311.127
311.127
311.127
311.127
311.127
311.127
311.127
311.127
311.127
311.127
311.127
311.127
293.665
293.665
311.127
293.665
311.127
311.127
293.665
277.183
277.183
293.665
293.665
277.183
277.183
293.665
293.665
311.127
293.665
293.665
293.665
277.183
293.665
293.665
293.665
293.665
293.665
311.127
311.127
311.127
311.127
311.127
311.127
311.127
311.127
311.127
329.628
329.628
329.628
329.628
329.628
329.628
329.628
329.628
329.628
329.628
329.628
329.628
329.628
349.228
329.628
329.628
329.628
329.628
329.628
329.628
329.628
329.628
329.628
329.628
349.228
329.628
329.628
329.628
329.628
329.628
329.628
329.628
329.628
329.628
329.628
329.628
329.628
329.628
329.628
329.628
311.127
329.628
329.628
329.628
329.628
329.628
329.628
329.628
349.228
349.228
349.228
349.228
349.228
349.228
369.994
369.994
369.994
369.994
369.994
369.994
369.994
369.994
369.994
369.994
369.994
369.994
369.994
369.994
369.994
369.994
369.994
369.994
369.994
369.994
369.994
369.994
369.994
369.994
369.994
369.994
369.994
369.994
369.994
369.994
369.994
369.994
369.994
369.994
369.994
369.994
369.994
349.228
369.994
349.228
349.228
349.228
349.228
369.994
369.994
349.228
349.228
349.228
349.228
349.228
349.228
369.994
369.994
369.994
369.994
391.995
369.994
369.994
349.228
369.994
369.994
349.228
349.228
349.228
349.228
349.228
349.228
349.228
349.228
349.228
369.994
369.994
369.994
369.994
369.994
349.228
349.228
349.228
349.228
349.228
369.994
369.994
369.994
369.994
369.994
369.994
369.994
369.994
369.994
391.995
391.995
391.995
391.995
415.305
415.305
415.305
415.305
415.305
415.305
415.305
415.305
440
415.305
440
440
415.305
415.305
415.305
415.305
415.305
415.305
415.305
415.305
415.305
415.305
415.305
440
466.164
440
440
440
440
466.164
466.164
466.164
466.164
493.883
493.883
466.164
466.164
466.164
466.164
466.164
466.164
466.164
466.164
466.164
466.164
493.883
493.883
493.883
493.883
523.251
523.251
523.251
523.251
523.251
493.883
493.883
493.883
493.883
493.883
493.883
493.883
493.883
493.883
493.883
493.883
493.883
493.883
523.251
523.251
554.365
523.251
523.251
523.251
523.251
523.251
523.251
523.251
523.251
523.251
523.251
554.365
554.365
587.33
554.365
587.33
587.33
622.254
622.254
554.365
554.365
554.365
554.365
554.365
587.33
554.365
554.365
554.365
523.251
523.251
523.251
523.251
554.365
554.365
587.33
554.365
554.365
554.365
587.33
587.33
587.33
587.33
587.33
554.365
587.33
587.33
554.365
554.365
523.251
554.365
554.365
554.365
523.251
554.365
554.365
554.365
554.365
587.33
554.365
554.365
554.365
554.365
554.365
554.365
523.251
523.251
523.251
523.251
523.251
523.251
523.251
523.251
523.251
523.251
493.883
523.251
493.883
466.164
493.883
523.251
523.251
493.883
523.251
587.33
554.365
554.365
554.365
554.365
587.33
554.365
587.33
587.33
622.254
587.33
587.33
587.33
554.365
554.365
554.365
554.365
587.33
554.365
554.365
554.365
523.251
523.251
523.251
493.883
523.251
523.251
523.251
523.251
554.365
523.251
523.251
493.883
523.251
493.883
523.251
554.365
554.365
554.365
523.251
554.365
523.251
523.251
523.251
523.251
523.251
523.251
523.251
523.251
523.251
523.251
523.251
523.251
523.251
493.883
493.883
493.883
466.164
493.883
493.883
493.883
493.883
493.883
493.883
523.251
523.251
523.251
523.251
523.251
523.251
523.251
523.251
523.251
554.365
554.365
554.365
554.365
554.365
554.365
587.33
587.33
587.33
587.33
587.33
587.33
587.33
587.33
587.33
587.33
622.254
587.33
587.33
587.33
587.33
554.365
554.365
587.33
554.365
554.365
554.365
554.365
587.33
587.33
587.33
587.33
622.254
622.254
622.254
587.33
587.33
587.33
622.254
587.33
587.33
622.254
587.33
622.254
622.254
587.33
622.254
587.33
587.33
587.33
587.33
622.254
622.254
622.254
659.255
659.255
659.255
659.255
659.255
659.255
659.255
659.255
659.255
659.255
659.255
659.255
659.255
659.255
659.255
659.255
659.255
698.456
698.456
698.456
698.456
698.456
698.456
659.255
698.456
698.456
698.456
698.456
698.456
698.456
698.456
698.456
698.456
698.456
698.456
698.456
698.456
739.989
739.989
739.989
739.989
739.989
739.989
698.456
698.456
739.989
739.989
698.456
698.456
698.456
698.456
698.456
698.456
698.456
698.456
698.456
698.456
698.456
659.255
659.255
659.255
698.456
698.456
698.456
698.456
698.456
659.255
698.456
698.456
698.456
698.456
698.456
698.456
698.456
739.989
698.456
739.989
739.989
739.989
739.989
739.989
739.989
739.989
739.989
739.989
739.989
739.989
739.989
739.989
739.989
739.989
739.989
739.989
739.989
698.456
739.989
739.989
698.456
739.989
739.989
739.989
739.989
739.989
783.991
783.991
783.991
783.991
783.991
830.609
830.609
830.609
783.991
783.991
783.991
783.991
783.991
783.991
783.991
783.991
830.609
783.991
783.991
783.991
783.991
830.609
830.609
830.609
783.991
783.991
783.991
783.991
783.991
783.991
783.991
783.991
783.991
783.991
783.991
783.991
830.609
830.609
830.609
830.609
830.609
830.609
830.609
830.609
880
880
880
932.328
932.328
880
880
880
880
932.328
932.328
932.328
932.328
880
880
932.328
987.767
932.328
987.767
932.328
932.328
880
932.328
987.767
987.767
987.767
987.767
987.767
987.767
987.767
987.767
987.767
987.767
987.767
987.767
987.767
987.767
987.767
987.767
987.767
987.767
987.767
987.767
1046.5
1046.5
1108.73
1174.66
1108.73
1108.73
1174.66
1108.73
1174.66
1174.66
1174.66
1174.66
1244.51
1174.66
1174.66
1174.66
1174.66
1174.66
1174.66
1174.66
1174.66
1174.66
1108.73
1108.73
1108.73
1174.66
1174.66
1174.66
1108.73
1108.73
1174.66
1174.66
1174.66
1174.66
1108.73
1174.66
1174.66
1174.66
1174.66
1174.66
1174.66
1174.66
1108.73
1108.73
1108.73
1046.5
1046.5
1108.73
1108.73
1046.5
1108.73
1046.5
1108.73
1108.73
1108.73
1174.66
1174.66
1108.73
1108.73
1174.66
1108.73
1174.66
1244.51
1244.51
1244.51
1318.51
1396.91
1318.51
1318.51
1396.91
1396.91
1396.91
1396.91
1396.91
1396.91
1396.91
1318.51
1396.91
1396.91
1396.91
1396.91
1396.91
1396.91
1396.91
1396.91
1396.91
1396.91
1396.91
1479.98
1479.98
1479.98
1396.91
1479.98
1479.98
1396.91
1396.91
1396.91
1479.98
1479.98
1479.98
1479.98
1479.98
1479.98
1567.98
1567.98
1479.98
1479.98
1567.98
1479.98
1567.98
1567.98
1479.98
1479.98
1479.98
1479.98
1567.98
1567.98
1479.98
1567.98
1567.98
1567.98
1567.98
1661.22
1661.22
1760
1661.22
1661.22
1567.98
1661.22
1661.22
1661.22
1661.22
1567.98
1661.22
1661.22
1661.22
1661.22
1661.22
1661.22
1661.22
1661.22
1661.22
1661.22
1661.22
1567.98
1567.98
1567.98
1567.98
1661.22
1661.22
1567.98
1661.22
1567.98
1567.98
1567.98
1567.98
1567.98
1661.22
1567.98
1661.22
1661.22
1661.22
1661.22
1567.98
1567.98
1567.98
1567.98
1567.98
1567.98
1567.98
1567.98
1567.98
1567.98
1567.98
1567.98
1567.98
1567.98
1567.98
1567.98
1567.98
1567.98
1567.98
1567.98
1661.22
1661.22
1567.98
1567.98
1567.98
1567.98
1567.98
1567.98
1567.98
1661.22
1567.98
1567.98
1567.98
1567.98
1567.98
1479.98
1567.98
1567.98
1567.98
1567.98
1567.98
1567.98
1567.98
1567.98
1567.98
1567.98
1567.98
1567.98
1567.98
1567.98
1567.98
1661.22
1567.98
1567.98
1661.22
1661.22
1661.22
1661.22
1661.22
1661.22
1661.22
1661.22
1661.22
1661.22
1661.22
1661.22
1567.98
1567.98
1661.22
1567.98
1479.98
1479.98
1479.98
1479.98
1396.91
1396.91
1479.98
1567.98
1479.98
1567.98
1567.98
1567.98
1479.98
1567.98
1479.98
1479.98
1567.98
1567.98
1567.98
1567.98
1567.98
1567.98
1661.22
1661.22
1661.22
1760
1760
1760
1760
1864.66
1864.66
1864.66
1864.66
1864.66
1864.66
1864.66
1864.66
1864.66
1864.66
1864.66
1864.66
1864.66
1864.66
1975.53
1975.53
1975.53
1975.53
1975.53
1975.53
1975.53
1864.66
1864.66
1975.53
1864.66
1975.53
1975.53
1975.53
1975.53
1864.66
1864.66
1864.66
1975.53
1864.66
1975.53
2093
2093
2093
2093
2093
2093
2093
2217.46
2217.46
2093
2093
2093
2093
2093
2093
2093
2093
2217.46
2217.46
2217.46
2349.32
2217.46
2093
2217.46
2093
2093
2093
2093
2093
2093
1975.53
1975.53
1975.53
1975.53
2093
1975.53
2093
1975.53
1975.53
1975.53
1975.53
2093
1975.53
1975.53
1975.53
1975.53
1975.53
1975.53
1975.53
1975.53
1975.53
1975.53
1975.53
2093
1975.53
1975.53
1975.53
1975.53
2093
2093
2217.46
2217.46
2217.46
2349.32
2489.21
2349.32
2489.21
2489.21
2637.21
2489.21
2489.21
2489.21
2489.21
2637.21
2637.21
2637.21
2793.83
2793.83
2793.83
2793.83
2793.83
2793.83
2637.21
2793.83
2637.21
2637.21
2793.83
2637.21
2637.21
2637.21
2637.21
2489.21
2489.21
2489.21
2489.21
2489.21
2349.32
2489.21
2489.21
2489.21
2489.21
2489.21
2637.21
2637.21
2637.21
2637.21
2637.21
2637.21
2637.21
2489.21
2489.21
2217.46
2349.32
2349.32
2349.32
2349.32
2349.32
2349.32
2349.32
2489.21
2489.21
2489.21
2489.21
2489.21
2349.32
2489.21
2637.21
2637.21
2637.21
2637.21
2637.21
2637.21
2489.21
2489.21
2349.32
2349.32
2349.32
2093
2217.46
2349.32
2349.32
2217.46
2349.32
2489.21
2489.21
2489.21
2489.21
2489.21
2489.21
2489.21
2489.21
2489.21
2489.21
2489.21
2489.21
2489.21
2489.21
2489.21
2489.21
2637.21
2637.21
2637.21
2637.21
2489.21
2637.21
2489.21
2637.21
2489.21
2637.21
2637.21
2793.83
2959.96
2959.96
2959.96
2793.83
2959.96
2959.96
2959.96
2959.96
3135.96
3135.96
3135.96
3135.96
3135.96
2959.96
3135.96
3135.96
3135.96
3322.44
3322.44
3322.44
3322.44
3322.44
3322.44
3322.44
3322.44
3322.44
3322.44
3520
3520
3520
3520
3520
3135.96
3322.44
3322.44
3520
3951.71
3729.31
3729.31
3729.31
3951.71
3951.71
3951.71
4186.11
4186.11
3951.71
3951.71
3951.71
3729.31
3729.31
3951.71
3729.31
3729.31
3729.31
3729.31
3520
3520
3520
3520
3520
3729.31
3520
3520
3520
3520
3520
3520
3729.31
3729.31
3729.31
3729.31
3729.31
3729.31
3729.31
3951.71
3951.71
3951.71
4186.11
3951.71
3951.71
3951.71
3951.71
4186.11
4186.11
4434.92
4434.92
4186.11
4434.92
4434.92
4434.92
4434.92
4434.92
4186.11
4434.92
4186.11
4186.11
4186.11
4186.11
3951.71
3951.71
3951.71
3951.71
4186.11
4186.11
3951.71
3951.71
3951.71
3729.31
3729.31
3729.31
3729.31
3729.31
3729.31
3729.31
3729.31
3729.31
3729.31
3729.31
3729.31
3729.31
3729.31
3729.31
3729.31
3520
3729.31
3729.31
3729.31
3729.31
3729.31
3729.31
3520
3729.31
3729.31
3729.31
3951.71
3729.31
3729.31
3729.31
3729.31
3729.31
3951.71
3951.71
4186.11
3951.71
3951.71
3951.71
3951.71
4186.11
4186.11
4186.11
4186.11
4434.92
4186.11
4434.92
4434.92
4434.92
4434.92
4434.92
4434.92
4434.92
4698.64
4434.92
4434.92
4434.92
4186.11
4186.11
4186.11
4186.11
4186.11
4186.11
3951.71
3951.71
3951.71
3951.71
3951.71
3951.71
3951.71
3951.71
3951.71
3951.71
3951.71
3951.71
3951.71
3951.71
3951.71
3951.71
4186.11
4434.92
4434.92
4434.92
4434.92
4434.92
4434.92
4186.11
4434.92
4434.92
4434.92
4434.92
4434.92
4434.92
4434.92
4434.92
4434.92
4434.92
4434.92
4434.92
4434.92
4434.92
4186.11
4434.92
4186.11
4186.11
4186.11
4186.11
4186.11
4434.92
4434.92
4434.92
4434.92
4434.92
4434.92
4434.92
4186.11
4186.11
4186.11
4186.11
4186.11
4186.11
4434.92
4434.92
4434.92
4186.11
4186.11
4186.11
4434.92
4434.92
4434.92
4434.92
4434.92
3951.71
4186.11
4186.11
4186.11
4186.11
4186.11
4186.11
3951.71
3951.71
3951.71
4186.11
4186.11
4186.11
4186.11
4186.11
4186.11
4186.11
4434.92
4434.92
4434.92
4434.92
4434.92
4434.92
4434.92
4434.92
4434.92
4698.64
5274.41
5587.65
5274.41
5274.41
5587.65
5587.65
5587.65
5587.65
5587.65
5587.65
5587.65
5587.65
5274.41
5274.41
5274.41
4978.31
5274.41
5274.41
4978.31
4978.31
4978.31
5274.41
5274.41
4978.31
4978.31
4978.31
4698.64
4698.64
4698.64
4698.64
4698.64
4698.64
4698.64
4698.64
4978.31
4978.31
4978.31
5274.41
4978.31
4978.31
4698.64
4698.64
4698.64
4698.64
4698.64
4434.92
4434.92
4434.92
4434.92
4186.11
4434.92
4186.11
4434.92
4434.92
4434.92
4434.92
4434.92
4434.92
4698.64
4698.64
4698.64
4434.92
4434.92
4434.92
4698.64
4434.92
4698.64
4978.31
5274.41
4978.31
4978.31
4978.31
4978.31
4978.31
4434.92
4186.11
4186.11
4186.11
4186.11
4186.11
3951.71
3951.71
3729.31
3729.31
3520
3520
3729.31
3729.31
3135.96
3322.44
3322.44
3135.96
3322.44
3520
3322.44
3322.44
3322.44
3322.44
3322.44
3322.44
3135.96
3135.96
3135.96
3322.44
3322.44
3322.44
3135.96
3135.96
3135.96
2959.96
2959.96
2959.96
2959.96
2959.96
2959.96
2959.96
3135.96
3135.96
3135.96
3322.44
3322.44
3322.44
3322.44
3135.96
3322.44
3322.44
3322.44
3322.44
3520
3520
3729.31
3729.31
3729.31
3729.31
3729.31
3729.31
3520
3729.31
3729.31
3729.31
3729.31
3729.31
3729.31
3729.31
3729.31
3729.31
3729.31
3729.31
3520
3520
3520
3322.44
3322.44
3322.44
3135.96
3322.44
3322.44
3322.44
3135.96
3135.96
3322.44
3322.44
3322.44
3520
3520
3322.44
3322.44
3322.44
3322.44
3322.44
3322.44
3322.44
3322.44
3322.44
3322.44
3322.44
3322.44
3322.44
3322.44
3322.44
3322.44
3322.44
3322.44
3322.44
3322.44
3322.44
3322.44
3135.96
3135.96
3135.96
2959.96
2959.96
3135.96
2959.96
2793.83
2959.96
2793.83
2959.96
2793.83
2793.83
2793.83
2793.83
2637.21
2637.21
2637.21
2637.21
2489.21
2489.21
2637.21
2489.21
2489.21
2489.21
2349.32
2793.83
2959.96
2959.96
2959.96
2959.96
2793.83
2959.96
3135.96
3322.44
3135.96
3322.44
3322.44
3135.96
3322.44
3322.44
3135.96
3322.44
3135.96
3135.96
3322.44
3322.44
3322.44
3135.96
3135.96
3135.96
3322.44
3322.44
3322.44
3135.96
2959.96
2793.83
2637.21
2793.83
2793.83
2489.21
2637.21
2637.21
2793.83
2793.83
2793.83
2349.32
2349.32
2217.46
1975.53
1864.66
2093
2217.46
2217.46
2093
2093
2093
1975.53
2217.46
2217.46
2349.32
2349.32
2349.32
2489.21
2637.21
2489.21
2489.21
2489.21
2793.83
2793.83
2793.83
2793.83
2959.96
2793.83
2959.96
2959.96
2959.96
2793.83
2959.96
2793.83
2959.96
2959.96
2959.96
2959.96
2793.83
2793.83
2637.21
2793.83
2637.21
2637.21
2637.21
2637.21
2489.21
2637.21
2793.83
2793.83
2793.83
2637.21
2637.21
2793.83
2793.83
2793.83
2793.83
2637.21
2489.21
2489.21
2637.21
2489.21
2489.21
2637.21
2489.21
2349.32
2637.21
2637.21
2637.21
2637.21
2637.21
2637.21
2637.21
2637.21
2489.21
2489.21
2637.21
2637.21
2793.83
2793.83
2793.83
2959.96
2793.83
2959.96
3135.96
3322.44
3135.96
3135.96
3135.96
3322.44
3322.44
3135.96
3135.96
3322.44
3322.44
3135.96
3322.44
3322.44
3322.44
3322.44
3322.44
3322.44
3322.44
3135.96
3322.44
3135.96
3135.96
3322.44
3322.44
3322.44
3322.44
3322.44
3322.44
3322.44
3322.44
3322.44
3322.44
3520
3322.44
3520
3520
3322.44
3322.44
3322.44
3135.96
3135.96
3135.96
3135.96
3322.44
3322.44
3322.44
3135.96
3322.44
3322.44
3322.44
3322.44
3322.44
3322.44
3135.96
3135.96
3135.96
2959.96
3322.44
3322.44
3322.44
3322.44
3322.44
3322.44
3135.96
3322.44
3135.96
3135.96
3135.96
3135.96
3135.96
3135.96
3135.96
3135.96
3135.96
3135.96
3135.96
3135.96
3135.96
2959.96
3135.96
3135.96
2959.96
2959.96
2959.96
2959.96
2959.96
2793.83
2793.83
2793.83
2959.96
2959.96
2793.83
2793.83
2637.21
2637.21
2637.21
2637.21
2637.21
2637.21
2489.21
2489.21
2489.21
2489.21
2217.46
2349.32
2489.21
2489.21
2349.32
2349.32
2349.32
2489.21
2489.21
2637.21
2637.21
2637.21
2637.21
2489.21
2637.21
2637.21
2637.21
2793.83
2793.83
2637.21
2637.21
2793.83
2793.83
2793.83
2793.83
2959.96
2959.96
2793.83
2793.83
2793.83
2959.96
2959.96
2959.96
2959.96
2959.96
2959.96
2959.96
3135.96
3135.96
3135.96
3135.96
3135.96
3135.96
2959.96
2959.96
3135.96
2959.96
2959.96
2959.96
2959.96
2959.96
3135.96
3135.96
3135.96
3135.96
3135.96
3135.96
3135.96
3135.96
3135.96
3135.96
3322.44
3135.96
3322.44
3135.96
3135.96
3135.96
3135.96
3135.96
3135.96
3135.96
3135.96
3322.44
3322.44
3135.96
3322.44
3135.96
3322.44
3135.96
3135.96
3322.44
3135.96
3135.96
3135.96
2959.96
2959.96
2959.96
2959.96
2959.96
2959.96
2959.96
2959.96
2959.96
2793.83
2959.96
2793.83
2793.83
2793.83
2793.83
2793.83
2959.96
2959.96
2793.83
2793.83
2793.83
2793.83
2793.83
2793.83
2793.83
2793.83
2793.83
2959.96
2959.96
2959.96
2959.96
2959.96
2959.96
2959.96
2959.96
2959.96
2793.83
2959.96
2959.96
2959.96
2793.83
2793.83
2793.83
2793.83
2793.83
2793.83
2793.83
2793.83
2637.21
2637.21
2637.21
2489.21
2637.21
2637.21
2637.21
2637.21
2637.21
2637.21
2793.83
2637.21
2637.21
2637.21
2637.21
2489.21
2489.21
2489.21
2349.32
2489.21
2489.21
2489.21
2349.32
2349.32
2349.32
2349.32
2489.21
2489.21
2349.32
2489.21
2489.21
2637.21
2637.21
2637.21
2489.21
2489.21
2489.21
2489.21
2489.21
2489.21
2489.21
2489.21
2349.32
2349.32
2349.32
2489.21
2349.32
2489.21
2489.21
2489.21
2637.21
2489.21
2637.21
2637.21
2637.21
2489.21
2489.21
2489.21
2637.21
2349.32
2637.21
2489.21
2489.21
2489.21
2349.32
2489.21
2489.21
2489.21
2489.21
2489.21
2489.21
2349.32
2349.32
2489.21
2489.21
2349.32
2349.32
2217.46
1975.53
2093
2093
2217.46
2217.46
2217.46
2217.46
2093
2093
2093
2217.46
2217.46
2217.46
2217.46
2217.46
2217.46
2349.32
2349.32
2349.32
2349.32
2489.21
2489.21
2489.21
2489.21
2489.21
2349.32
2349.32
2349.32
2217.46
2217.46
2217.46
2217.46
2217.46
2217.46
2349.32
2217.46
2217.46
2217.46
2349.32
2217.46
2217.46
2217.46
2217.46
2093
2217.46
2217.46
2217.46
2093
2093
2217.46
2093
2093
2093
2093
2093
2093
2217.46
2217.46
2349.32
2349.32
2489.21
2489.21
2489.21
2349.32
2349.32
2489.21
2349.32
2489.21
2489.21
2489.21
2489.21
2489.21
2637.21
2637.21
2637.21
2637.21
2637.21
2637.21
2489.21
2489.21
2637.21
2637.21
2637.21
2637.21
2637.21
2637.21
2637.21
2793.83
2637.21
2637.21
2793.83
2793.83
2637.21
2637.21
2637.21
2637.21
2637.21
2489.21
