8.45774
8.92761
9.39748
9.39748
9.39748
9.39748
8.92761
8.92761
8.45774
8.45774
8.92761
8.92761
8.92761
8.92761
8.92761
8.92761
8.92761
8.92761
8.92761
8.92761
9.39748
9.39748
9.39748
9.39748
9.86736
9.86736
9.39748
9.39748
9.39748
9.39748
10.3372
10.8071
11.277
10.8071
10.3372
10.3372
10.3372
10.3372
10.3372
10.3372
10.3372
10.3372
10.3372
10.3372
10.3372
10.3372
10.3372
10.3372
10.3372
10.3372
10.3372
10.3372
10.3372
10.8071
11.277
11.277
11.277
11.277
10.8071
11.277
11.277
10.8071
10.8071
10.8071
10.3372
10.3372
10.3372
10.3372
10.3372
10.3372
10.3372
10.3372
10.3372
10.3372
9.86736
9.86736
9.86736
9.86736
10.3372
10.3372
9.86736
9.39748
8.92761
8.92761
8.92761
8.92761
9.39748
9.39748
9.39748
9.86736
9.86736
9.86736
9.86736
10.3372
10.3372
9.86736
9.86736
9.39748
9.39748
9.39748
9.39748
8.92761
8.92761
8.92761
9.39748
9.39748
9.39748
9.86736
9.86736
9.86736
9.86736
9.86736
9.86736
9.86736
9.39748
9.39748
9.39748
9.39748
9.39748
9.39748
8.92761
8.92761
9.39748
9.86736
9.86736
9.86736
9.86736
9.39748
9.39748
9.39748
9.39748
9.39748
9.86736
9.86736
9.39748
9.86736
9.86736
9.39748
9.39748
9.39748
9.39748
8.92761
8.92761
9.39748
9.86736
10.3372
10.3372
10.8071
11.277
10.8071
10.8071
11.277
11.277
11.7469
11.7469
12.2167
12.2167
12.2167
12.2167
12.6866
13.1565
12.6866
12.6866
12.6866
12.6866
13.1565
14.0962
14.5661
14.5661
14.0962
14.0962
14.0962
13.6264
14.0962
14.0962
13.1565
13.6264
15.036
15.036
16.4456
16.4456
16.4456
16.4456
15.9757
15.9757
15.9757
15.9757
15.9757
15.9757
15.9757
15.9757
15.9757
15.5058
15.036
15.036
15.5058
15.5058
15.9757
15.9757
15.9757
15.9757
15.9757
15.5058
15.5058
15.9757
15.5058
16.4456
16.9155
17.8552
18.3251
18.795
20.2046
19.7347
19.7347
20.6745
20.2046
20.6745
21.1443
22.0841
24.4335
22.0841
22.554
23.4937
23.4937
22.554
23.9636
23.9636
23.4937
23.4937
23.4937
22.554
22.0841
22.554
23.4937
24.9033
24.9033
24.9033
23.4937
22.554
22.0841
23.4937
24.9033
24.4335
25.3732
24.9033
24.4335
24.4335
25.8431
27.2527
27.2527
26.7828
27.7226
27.7226
28.1925
26.7828
26.7828
27.7226
29.1322
29.6021
29.6021
28.6623
29.6021
29.1322
29.1322
30.0719
31.0117
31.4816
30.0719
31.0117
32.4213
32.4213
30.5418
31.4816
31.0117
31.0117
30.0719
31.0117
31.4816
31.9514
31.0117
31.9514
31.9514
31.9514
32.4213
32.4213
34.7707
33.8309
33.8309
34.3008
34.7707
37.5899
36.6502
38.5297
41.3489
39.9393
38.9996
39.9393
39.9393
38.9996
37.5899
36.1803
35.7104
36.1803
35.2406
35.7104
35.7104
38.0598
37.5899
36.6502
36.6502
37.1201
36.6502
35.7104
35.7104
35.7104
34.3008
31.9514
31.9514
31.9514
32.8912
33.8309
34.3008
34.3008
33.8309
33.8309
34.3008
34.3008
34.3008
34.3008
33.3611
33.3611
32.4213
31.9514
29.6021
30.5418
31.0117
31.4816
32.4213
34.3008
33.3611
33.3611
33.3611
32.4213
32.4213
32.4213
31.9514
31.9514
32.8912
32.4213
32.4213
31.4816
30.5418
30.0719
30.5418
31.9514
32.8912
33.8309
33.8309
32.8912
32.4213
33.8309
33.8309
33.8309
33.3611
33.3611
34.3008
34.7707
36.6502
37.5899
37.5899
38.0598
38.9996
38.5297
36.6502
38.0598
37.5899
36.6502
36.6502
37.1201
37.5899
38.0598
38.9996
38.5297
38.0598
38.0598
34.7707
34.7707
37.5899
38.9996
39.9393
40.4092
42.2887
41.8188
43.2284
45.1079
47.9272
51.6862
48.397
47.9272
46.9874
46.9874
46.9874
47.9272
46.0477
46.0477
39.9393
30.0719
33.8309
37.1201
34.3008
30.5418
26.7828
26.313
26.7828
32.4213
31.9514
31.9514
30.5418
31.9514
32.8912
30.5418
30.5418
31.0117
32.8912
32.4213
31.9514
30.5418
31.0117
31.4816
29.6021
31.0117
31.4816
31.0117
30.0719
28.6623
29.1322
28.1925
28.6623
26.313
28.1925
28.1925
31.0117
29.6021
31.0117
31.4816
33.3611
32.8912
35.7104
34.3008
34.3008
33.8309
34.7707
34.7707
34.7707
33.3611
35.7104
36.1803
35.7104
37.5899
37.5899
38.0598
39.4694
36.1803
38.0598
36.6502
37.5899
38.5297
38.0598
36.6502
37.1201
35.2406
36.1803
35.2406
35.7104
35.7104
36.6502
36.6502
37.1201
36.1803
36.1803
34.7707
33.8309
32.8912
34.3008
34.7707
35.2406
35.7104
35.7104
38.0598
37.5899
38.0598
38.5297
38.5297
38.9996
38.9996
38.0598
38.0598
38.9996
38.5297
38.9996
39.9393
39.9393
41.3489
41.3489
41.8188
40.8791
40.4092
41.8188
40.8791
42.2887
41.8188
38.0598
38.5297
40.4092
38.5297
37.1201
36.1803
37.5899
37.1201
35.7104
36.6502
36.1803
36.6502
38.0598
37.5899
38.0598
37.5899
36.6502
36.1803
34.7707
35.2406
35.7104
35.2406
35.7104
35.7104
36.1803
36.1803
36.1803
36.1803
35.7104
35.7104
36.1803
37.1201
37.1201
37.1201
37.5899
37.5899
36.6502
36.1803
36.6502
37.1201
38.5297
38.0598
36.6502
37.5899
36.6502
35.7104
36.6502
36.6502
36.6502
36.1803
38.0598
38.9996
38.5297
38.9996
39.9393
39.4694
40.4092
40.4092
40.8791
41.3489
40.8791
41.3489
41.3489
40.8791
40.8791
42.2887
43.6983
43.2284
42.7586
41.8188
43.2284
43.2284
43.6983
44.1682
45.5778
44.638
44.1682
44.638
43.6983
42.7586
43.6983
43.6983
43.6983
43.6983
43.2284
41.8188
39.4694
40.4092
38.0598
38.0598
37.5899
38.0598
38.9996
38.0598
37.5899
36.6502
36.1803
35.2406
34.7707
33.3611
33.3611
33.8309
33.8309
32.8912
34.3008
34.3008
34.3008
32.8912
31.4816
32.4213
32.8912
32.8912
33.8309
33.8309
33.8309
32.4213
32.4213
33.8309
34.3008
33.8309
33.8309
35.2406
34.7707
35.7104
35.2406
34.3008
34.3008
33.8309
34.7707
35.2406
35.7104
35.2406
33.8309
34.3008
34.3008
34.3008
33.3611
33.8309
33.3611
32.8912
32.4213
32.4213
32.4213
32.4213
32.8912
33.8309
33.3611
33.8309
34.7707
34.3008
34.7707
34.7707
33.8309
32.8912
31.9514
31.9514
31.9514
31.9514
31.9514
31.0117
30.5418
30.5418
31.0117
31.4816
32.4213
31.4816
31.4816
31.4816
30.5418
30.0719
30.0719
30.0719
30.0719
30.0719
30.0719
30.0719
30.5418
31.0117
31.0117
31.4816
32.4213
32.4213
32.4213
31.9514
31.9514
31.9514
31.0117
31.0117
31.9514
31.9514
32.8912
33.3611
33.8309
34.3008
33.8309
33.8309
33.8309
33.8309
34.7707
34.7707
34.7707
35.7104
34.7707
34.7707
34.3008
33.8309
34.3008
34.3008
34.7707
34.3008
33.8309
34.3008
34.7707
35.2406
34.7707
34.7707
34.3008
35.2406
36.1803
38.5297
38.9996
38.9996
39.4694
39.4694
39.4694
40.4092
40.4092
41.3489
39.9393
40.4092
39.4694
40.8791
41.3489
40.4092
39.9393
39.4694
39.4694
38.5297
38.9996
38.9996
38.5297
39.4694
40.4092
38.9996
35.2406
34.3008
33.8309
33.8309
34.7707
34.3008
32.8912
32.8912
30.0719
30.5418
32.4213
31.9514
32.4213
32.8912
32.4213
32.4213
32.4213
32.4213
32.8912
32.4213
32.8912
33.3611
33.3611
33.8309
33.8309
31.0117
31.9514
33.3611
34.3008
35.7104
35.7104
36.6502
35.7104
36.1803
35.7104
35.2406
35.7104
36.1803
35.7104
35.2406
35.2406
34.7707
33.8309
33.8309
34.7707
35.2406
35.7104
35.2406
35.7104
36.6502
37.5899
38.0598
38.0598
38.0598
36.6502
37.5899
38.0598
38.5297
38.5297
39.4694
39.4694
38.0598
37.1201
38.5297
38.9996
38.9996
38.9996
38.0598
37.5899
37.5899
37.1201
37.1201
36.6502
34.7707
36.1803
36.1803
36.1803
35.7104
35.2406
34.3008
33.8309
34.7707
35.7104
36.1803
34.3008
35.2406
35.7104
34.7707
34.7707
34.7707
34.3008
34.7707
35.2406
35.2406
34.7707
35.7104
35.7104
34.3008
34.7707
35.2406
35.2406
35.7104
35.2406
35.7104
35.7104
37.5899
37.5899
38.5297
38.5297
38.5297
37.5899
37.1201
37.5899
36.1803
36.6502
37.5899
36.6502
38.0598
38.9996
38.5297
38.5297
38.9996
38.5297
38.9996
38.5297
38.9996
38.9996
38.5297
38.0598
38.5297
38.9996
39.9393
40.8791
41.8188
40.8791
41.8188
40.8791
42.7586
42.7586
43.2284
43.6983
43.2284
43.2284
44.1682
44.638
46.0477
45.1079
49.3368
52.156
51.6862
54.0355
52.156
52.156
50.7464
46.0477
49.3368
51.6862
52.6259
54.9753
55.4452
54.0355
53.0958
51.2163
50.7464
50.7464
52.156
53.5657
52.6259
49.8067
51.2163
50.7464
53.5657
54.9753
54.9753
54.9753
57.7945
56.3849
58.2644
57.3246
56.3849
56.3849
57.7945
57.7945
57.3246
56.8548
57.3246
54.9753
56.8548
55.4452
56.3849
56.3849
54.9753
55.915
55.4452
54.5054
52.6259
51.6862
51.2163
50.2765
51.2163
53.0958
54.0355
54.5054
55.915
55.915
54.5054
55.915
56.8548
58.2644
58.2644
59.674
58.2644
59.2041
58.7343
57.7945
55.4452
55.915
55.915
57.3246
58.2644
62.0234
61.5535
59.2041
57.3246
59.674
59.2041
59.674
59.674
60.1439
60.1439
60.6138
61.0836
61.5535
61.0836
61.0836
61.5535
61.5535
62.0234
62.0234
62.0234
63.9029
63.9029
64.3728
62.9631
62.4933
63.433
64.8426
63.9029
64.3728
65.3125
67.6619
68.1318
68.1318
67.192
69.0715
69.5414
70.951
70.0113
70.4811
73.3004
74.2401
76.1196
73.7702
74.2401
73.3004
71.8908
72.3606
73.3004
71.8908
71.8908
71.4209
73.7702
75.6497
76.1196
74.71
74.2401
74.71
77.5292
79.4087
79.4087
78.9389
80.3485
78.469
78.469
77.0594
77.9991
76.1196
76.1196
74.71
73.3004
76.5895
74.71
76.1196
77.5292
80.8184
81.7581
82.228
82.6979
85.0472
86.4568
85.5171
84.1075
84.5774
84.1075
89.746
92.5652
93.9748
100.083
96.7941
96.7941
99.1435
97.7338
95.3845
97.7338
101.023
95.3845
95.3845
93.9748
95.3845
98.6736
99.1435
99.6133
97.264
98.6736
97.7338
98.2037
101.023
101.023
98.6736
98.2037
97.7338
100.083
99.6133
99.1435
95.8543
93.505
93.9748
95.8543
96.7941
96.7941
98.2037
101.493
102.902
103.372
101.023
98.2037
100.553
95.3845
94.4447
91.1556
93.0351
89.2761
89.2761
89.2761
86.4568
85.5171
85.5171
80.3485
79.8786
81.7581
83.6376
85.0472
83.1677
85.0472
84.5774
83.6376
79.4087
78.469
70.951
71.8908
68.6016
68.1318
77.0594
78.469
81.7581
79.4087
78.469
79.4087
81.7581
75.6497
74.2401
76.5895
73.3004
73.3004
75.6497
74.2401
77.5292
78.9389
82.228
80.3485
77.9991
77.5292
77.9991
78.9389
79.4087
76.1196
84.5774
89.2761
85.5171
85.0472
82.228
85.987
85.0472
80.8184
77.9991
76.1196
75.1799
74.2401
71.4209
74.2401
80.8184
80.8184
83.1677
82.6979
85.5171
83.1677
83.1677
81.7581
84.1075
82.228
82.6979
85.0472
85.987
83.1677
82.6979
84.5774
85.987
89.746
89.2761
90.2158
88.3363
88.8062
90.2158
88.8062
90.2158
89.2761
92.0953
94.4447
91.6255
93.0351
95.3845
95.8543
97.264
99.6133
96.7941
95.3845
95.3845
93.505
95.3845
95.3845
95.3845
97.264
98.2037
96.7941
98.6736
98.6736
98.2037
97.7338
97.264
97.7338
97.7338
97.7338
97.7338
98.2037
97.7338
96.7941
96.7941
102.433
101.023
100.083
102.433
112.3
107.601
110.42
116.999
115.119
116.529
118.408
116.059
120.288
120.758
125.926
129.215
130.625
129.685
132.035
138.613
134.384
135.794
134.854
133.914
137.203
132.505
133.444
132.974
134.384
130.155
134.854
132.505
133.444
138.143
134.384
138.143
140.023
146.601
136.264
136.264
132.974
128.276
125.456
132.505
128.276
125.456
128.276
129.215
129.685
123.107
122.637
128.746
137.203
140.023
138.143
140.492
147.071
148.95
148.95
143.782
145.661
143.312
141.432
142.842
138.143
148.48
148.95
145.191
138.613
138.143
133.444
132.505
133.914
130.625
132.035
127.806
128.746
132.035
131.095
131.095
134.854
132.035
134.854
138.613
134.854
133.914
130.625
129.685
129.215
129.685
130.155
133.914
139.553
143.782
144.251
145.191
143.782
144.251
142.842
146.131
146.601
147.071
143.312
143.782
144.721
144.721
144.721
145.191
148.48
148.01
143.312
132.035
132.035
132.035
129.685
129.215
132.505
132.505
134.384
139.553
126.396
124.987
118.878
132.035
133.444
128.746
131.095
134.384
137.203
128.746
132.974
132.035
130.625
132.974
131.095
131.095
131.095
139.083
138.143
142.842
144.251
144.251
143.312
141.432
146.131
148.95
154.119
155.998
163.986
162.107
161.637
157.878
151.769
157.878
160.697
164.926
164.456
165.866
165.866
165.866
168.215
167.745
166.335
163.046
162.576
158.817
157.878
160.697
157.408
162.576
167.275
162.576
162.107
164.456
166.335
169.625
168.685
166.805
172.444
171.504
175.263
172.914
174.323
173.384
169.155
172.444
171.034
172.444
175.263
177.143
177.612
176.203
180.432
179.022
177.612
176.203
176.203
179.022
179.492
177.143
176.673
175.263
176.673
177.612
185.13
183.251
180.432
178.552
184.191
187.01
186.07
187.95
192.179
194.998
198.757
193.588
186.54
188.42
189.829
188.42
189.829
187.48
188.42
184.661
185.6
188.42
197.817
199.227
199.227
198.757
202.046
199.697
200.166
197.817
200.166
199.697
199.697
199.697
200.636
203.456
202.046
209.094
208.154
211.913
216.142
216.612
216.612
223.19
221.781
227.889
233.058
243.395
248.563
242.925
249.503
251.853
257.021
249.973
249.033
239.166
234.937
245.744
243.865
244.335
236.817
239.636
243.865
241.985
231.648
245.274
244.335
247.624
247.154
245.744
243.395
232.118
245.744
239.166
233.527
231.178
226.949
229.299
224.13
225.07
226.949
240.106
244.804
242.455
241.985
241.515
239.636
236.347
232.588
233.997
239.166
235.407
239.636
236.817
245.274
251.383
248.563
249.503
251.383
252.792
249.503
251.853
243.865
237.756
235.877
229.768
235.877
230.238
230.708
238.696
226.479
231.648
237.286
228.359
231.648
251.853
252.792
243.865
231.648
227.889
232.118
226.949
220.371
222.72
214.263
219.431
216.142
222.25
222.72
229.299
226.949
226.949
224.6
224.6
222.72
220.841
215.672
216.612
221.781
224.13
229.299
229.299
226.949
226.479
224.6
234.467
235.877
243.395
239.636
241.515
239.636
236.347
232.118
225.54
220.371
215.672
220.371
221.781
212.853
214.263
215.672
215.202
219.431
216.612
212.383
203.925
201.106
213.793
206.275
213.793
205.805
204.865
199.697
202.516
203.456
204.865
207.215
210.504
208.624
210.504
203.925
205.805
210.504
204.865
209.094
213.793
215.672
218.961
215.672
215.672
213.793
217.082
216.612
210.034
210.034
208.624
209.094
210.504
209.094
208.624
207.684
202.516
203.925
203.925
207.215
204.395
202.046
206.275
211.443
215.672
218.022
217.082
218.961
222.25
224.13
223.19
225.54
229.768
230.708
233.997
239.166
233.997
236.347
238.696
231.178
232.118
228.359
232.588
235.877
224.6
226.009
233.997
234.937
232.588
230.708
241.515
242.455
241.515
245.274
243.865
249.033
247.624
244.335
249.033
249.503
259.371
259.371
264.069
265.009
259.84
264.069
259.371
260.78
264.069
261.25
262.66
259.371
261.25
269.238
272.527
270.178
272.527
275.346
274.407
272.997
272.527
265.949
271.117
276.286
265.009
267.828
270.178
268.768
271.587
272.527
272.997
266.419
268.768
270.178
275.346
269.238
264.069
259.84
254.672
256.081
254.202
256.081
261.25
263.599
267.358
258.431
256.081
256.081
256.081
254.672
252.792
249.503
249.503
255.612
261.25
256.081
256.081
261.25
262.66
271.117
257.021
262.66
261.25
259.84
257.491
263.599
262.19
259.84
257.021
253.262
257.021
253.262
256.551
262.66
257.491
249.033
259.84
254.672
248.094
253.262
250.443
243.395
237.756
238.696
240.576
233.997
229.299
232.118
242.455
247.624
245.744
240.106
249.033
249.033
245.274
242.455
246.684
248.094
250.443
252.792
262.19
259.371
254.672
251.853
251.853
244.335
245.274
244.335
254.202
258.431
254.672
259.84
267.828
271.587
269.238
260.78
269.238
264.069
264.069
260.78
265.009
261.25
258.431
256.081
255.612
254.672
254.672
248.094
243.865
239.166
236.347
243.865
251.853
249.503
250.913
254.672
258.431
261.25
256.081
259.84
259.371
257.021
251.853
252.792
251.853
254.672
266.419
271.117
274.407
271.117
269.238
268.768
279.105
274.407
272.997
280.985
280.985
276.286
276.756
272.997
272.527
267.828
269.238
267.358
272.997
272.527
268.768
265.949
260.78
262.19
258.431
259.371
259.84
260.78
265.009
262.19
259.371
256.081
254.672
241.045
246.684
249.503
249.033
246.684
243.865
247.624
244.335
233.527
232.588
230.708
237.286
226.009
229.768
230.708
223.19
229.299
214.263
219.431
214.263
215.202
215.672
219.431
215.202
214.263
209.094
212.853
217.082
222.25
229.299
228.359
226.949
215.672
221.781
224.6
220.371
215.672
212.383
212.853
216.612
220.841
226.949
224.6
222.25
217.082
220.371
226.009
230.708
223.19
222.25
225.54
221.781
224.13
221.781
223.19
226.949
230.708
240.106
241.515
245.744
242.925
242.455
242.455
242.925
244.335
249.503
247.624
248.094
247.624
245.744
245.744
241.515
237.756
240.576
236.347
231.178
232.588
236.347
236.347
233.527
233.997
233.527
235.877
238.696
234.937
231.178
224.13
232.118
232.118
234.937
238.696
240.106
240.576
237.756
242.925
237.286
233.997
233.997
228.359
227.419
232.118
232.118
230.708
236.347
240.576
245.744
249.503
249.503
243.865
245.274
238.696
239.166
237.756
234.937
234.937
236.347
237.756
240.576
241.515
237.756
237.286
236.347
242.925
240.106
237.756
236.347
235.877
235.877
242.455
247.624
249.503
249.503
249.503
249.033
250.913
250.443
250.443
245.744
244.335
253.262
252.792
250.443
249.503
246.684
248.094
250.443
249.503
249.033
247.624
246.684
233.997
236.347
230.708
233.997
232.588
232.118
233.997
235.877
232.118
230.708
234.937
233.997
234.937
235.877
238.696
243.865
240.106
243.865
237.756
238.696
238.696
238.696
239.166
237.756
242.455
246.684
249.503
249.033
248.094
249.503
241.515
250.443
251.853
255.612
257.021
254.202
242.925
245.274
242.455
250.443
257.021
262.19
263.599
255.612
254.672
249.033
248.094
245.274
249.033
255.612
259.84
262.66
270.178
270.178
277.696
279.575
270.178
272.527
279.575
275.346
279.575
273.937
269.238
272.997
276.286
274.407
286.153
282.864
279.105
279.575
285.684
287.563
287.563
301.189
299.78
309.647
304.009
306.828
314.346
312.936
308.237
309.177
317.165
314.816
304.948
306.828
309.177
311.996
314.816
318.575
314.346
308.237
306.358
309.647
302.599
293.671
292.262
305.418
301.659
304.009
303.069
296.021
285.214
284.744
293.202
291.322
283.334
283.334
289.912
286.153
302.599
297.43
293.671
285.684
284.744
297.43
300.25
296.021
290.852
293.202
303.069
315.755
315.755
314.346
309.177
307.768
311.057
314.346
316.695
325.153
326.093
322.334
325.153
328.442
328.442
323.273
320.924
326.093
328.442
331.261
336.9
334.55
343.008
334.55
331.731
328.442
330.322
334.55
329.852
335.49
331.261
339.249
338.309
340.659
335.49
334.081
330.791
336.43
334.081
328.912
326.093
332.671
334.081
331.731
329.852
328.912
322.334
326.093
320.924
319.514
323.743
328.442
332.671
336.43
328.912
324.683
332.671
342.068
348.177
349.586
344.888
351.936
358.984
361.803
365.562
368.381
368.381
370.261
367.911
361.333
363.683
377.309
373.08
365.562
368.381
378.719
380.128
379.658
376.839
378.719
371.67
361.803
362.743
366.972
373.55
377.309
367.911
368.381
372.14
371.67
373.08
370.731
366.972
370.731
372.14
366.972
372.14
373.55
372.14
367.911
353.815
361.333
356.165
358.044
356.635
357.574
363.683
361.333
353.815
357.574
351.936
357.574
356.165
358.984
359.924
364.152
371.67
380.128
381.068
378.719
369.321
358.044
370.261
361.803
357.574
353.345
353.345
347.237
348.647
344.888
349.586
353.345
356.635
359.924
365.092
364.152
364.152
365.092
353.345
357.574
356.635
355.225
350.996
359.924
360.393
360.393
363.683
370.731
371.67
373.55
371.67
378.249
386.237
402.212
398.453
403.152
407.381
421.477
411.14
413.959
412.08
418.658
413.959
419.128
430.405
427.116
428.055
432.284
425.706
421.477
417.248
412.55
410.2
414.899
412.55
408.321
420.537
423.827
421.477
443.561
454.368
450.139
449.2
444.031
442.621
455.778
468.465
467.525
463.296
480.681
482.561
471.284
478.802
477.862
468.934
469.874
470.814
464.706
477.862
473.633
478.802
500.886
502.765
494.778
501.356
514.042
523.44
515.922
523.91
516.862
489.139
499.006
491.958
485.38
498.537
486.79
494.308
491.958
497.127
494.308
489.609
493.368
499.006
512.633
530.958
539.416
532.367
532.837
534.717
525.789
509.344
516.862
526.259
533.777
538.006
532.367
545.524
563.849
581.704
568.078
588.282
577.005
632.921
628.692
569.488
559.62
552.102
544.114
561.03
573.247
566.668
563.849
546.934
532.837
534.717
516.862
536.596
554.921
553.042
574.186
569.488
556.331
569.018
583.114
577.945
580.765
585.463
572.777
558.68
587.343
576.536
566.198
554.452
529.548
545.524
548.343
538.946
533.777
559.62
553.512
550.693
560.09
574.186
564.789
564.789
556.331
547.873
540.355
549.283
536.126
527.669
531.428
530.958
516.862
522.5
538.006
531.428
517.801
517.801
505.115
514.042
498.537
477.392
504.175
511.223
519.681
503.705
512.633
577.005
559.62
566.668
558.211
566.198
573.247
562.439
572.777
583.114
605.198
588.282
579.355
587.343
569.488
566.668
551.162
566.668
578.415
567.608
562.909
554.452
531.428
528.608
519.211
504.175
519.211
514.512
520.621
511.223
539.416
525.789
511.693
506.055
515.922
506.055
535.187
544.114
554.921
545.994
535.187
541.765
523.44
519.211
513.103
535.187
515.452
529.548
530.018
530.958
518.271
512.633
515.922
523.44
512.633
506.524
507.934
505.115
472.693
490.549
507.934
504.175
491.019
497.597
502.296
530.018
538.006
536.596
527.669
536.596
523.44
532.837
533.777
532.837
541.765
552.102
544.584
566.668
563.849
567.608
579.825
585.933
574.186
588.282
578.415
579.825
571.367
574.186
587.343
602.849
605.198
591.572
591.572
581.704
577.945
563.849
563.849
577.005
570.427
561.03
558.68
565.259
577.005
593.921
587.343
601.439
624.933
623.993
612.246
593.921
596.27
583.584
606.608
598.15
601.439
605.668
603.318
611.776
614.595
601.909
610.836
596.27
596.27
593.921
592.981
612.246
618.354
622.583
655.474
648.896
662.053
663.462
655.005
662.053
665.812
661.583
662.992
676.149
660.643
652.185
655.474
662.992
670.98
671.92
675.679
700.582
699.173
681.318
692.125
689.305
685.546
675.679
686.486
695.884
697.293
689.305
688.836
696.354
697.293
696.823
693.064
715.148
690.715
710.45
709.04
721.727
734.883
732.534
723.136
731.124
719.377
716.558
718.908
728.305
729.715
715.618
707.631
707.631
706.221
718.908
714.209
705.751
695.884
709.98
704.811
694.474
676.619
660.173
647.487
691.655
688.836
691.655
710.92
704.811
643.258
681.318
701.992
700.582
692.125
699.173
692.125
717.498
725.486
714.209
730.654
729.245
732.534
729.715
733.943
727.365
732.534
734.883
727.365
726.895
719.377
729.245
733.474
724.546
723.136
733.943
735.823
729.715
716.558
724.546
720.787
716.558
719.377
732.534
727.835
737.233
761.196
770.124
780.461
787.039
801.605
804.425
808.184
807.714
807.714
797.377
778.112
784.22
773.883
780.461
791.268
790.798
801.135
809.123
798.786
785.63
790.798
806.774
814.762
814.762
811.943
787.039
791.268
781.871
779.051
792.208
802.545
803.015
803.955
795.027
801.135
806.304
806.304
813.352
830.268
850.002
842.015
842.015
845.774
843.424
853.292
885.243
877.255
883.833
916.255
907.327
885.243
887.592
904.508
905.448
913.435
925.182
930.351
911.086
900.749
874.906
920.484
990.965
951.495
998.483
952.905
942.568
900.279
955.724
986.736
1004.59
988.145
988.145
1001.3
1004.59
1002.71
986.736
976.399
966.061
994.254
992.374
998.483
983.917
963.242
999.892
989.555
1006
998.483
1006
1021.98
1064.73
1117.36
1152.6
1117.36
1133.34
1155.42
1136.63
1154.01
1196.77
1205.7
1202.41
1211.34
1154.01
1155.42
1183.61
1154.01
1155.42
1180.32
1167.17
1146.96
1143.67
1138.04
1114.54
1107.02
1174.69
1169.05
1177.5
1129.11
1139.44
1165.76
1169.05
1183.61
1155.42
1140.85
1170.46
1148.37
1154.01
1171.87
1156.83
1182.2
1148.37
1135.22
1133.34
1093.87
1064.73
1066.14
1117.36
1093.87
1058.63
1091.05
1068.96
1101.39
1123.47
1135.22
1164.35
1148.37
1122.06
1113.13
1149.78
1135.22
1156.83
1221.67
1256.91
1264.43
1299.67
1370.15
1333.5
1336.32
1378.61
1393.65
1433.12
1433.12
1405.39
1402.1
1366.86
1353.71
1386.13
1380.49
1390.36
1390.36
1362.64
1366.86
1364.04
1361.23
1417.14
1421.37
1425.6
1442.04
1494.67
1494.67
1380.49
1468.36
1449.09
1417.14
1412.91
1425.6
1466.95
1469.77
1466.01
1489.03
1489.03
1522.86
1544.95
1565.15
1508.3
1520.04
1525.68
1521.45
1560.92
1528.5
1516.75
1502.19
1485.27
1475.87
1527.56
1534.61
1520.04
1556.22
1532.73
1529.91
1536.49
1621.54
1672.75
1767.67
1703.29
1654.9
1607.91
1706.11
1625.76
1626.7
1635.63
1606.5
1653.49
1668.05
1661.01
1647.38
1670.87
1683.56
1695.31
1677.45
1644.56
1637.51
1622.48
1597.57
1591.93
1562.33
1583.01
1632.81
1663.82
1588.64
1619.66
1597.57
1588.64
1568.44
1551.05
1563.74
1616.84
1597.57
1633.28
1618.25
1635.63
1631.4
1585.83
1607.91
1593.34
1547.77
1605.09
1576.9
1553.4
1585.83
1568.91
1593.34
1560.92
1569.85
1568.44
1579.25
1556.22
1571.26
1585.36
1596.16
1585.83
1605.09
1626.7
1624.82
1609.32
1610.73
1594.75
1598.98
1563.74
1562.33
1598.98
1625.76
1550.58
1607.91
1584.42
1553.4
1571.26
1521.45
1538.84
1546.36
1574.08
1579.72
1565.15
1527.56
1546.36
1532.26
1528.5
1527.56
1546.36
1579.72
1585.36
1569.85
1588.64
1618.72
1610.73
1596.16
1632.81
1659.13
1667.58
1686.38
1664.29
1700.47
1669.46
1685.91
1703.29
1670.87
1649.26
1618.25
1602.74
1596.16
1643.15
1579.72
1512.53
1516.75
1492.32
1453.79
1396.47
1437.35
1485.27
1538.84
1522.86
1541.66
1524.27
1525.68
1511.12
1527.56
1464.13
1521.45
1551.99
1531.79
1555.28
1575.49
1612.14
1592.4
1629.99
1643.15
1672.75
1717.86
1749.81
1746.05
1782.7
1822.17
1831.1
1857.41
1825.46
1864.93
1847.08
1872.45
1856.47
1863.52
1861.64
1816.53
1826.87
1826.87
1901.58
1958.91
1960.32
2008.71
2010.12
2017.64
1941.05
1936.82
1861.64
1886.54
1938.23
1907.69
1926.48
1938.23
1936.82
1936.82
1919.44
1880.91
1914.74
1929.3
1907.69
1978.17
2126.18
2079.19
2099.87
2068.86
2082.01
2109.74
2130.88
2161.42
2175.99
2097.99
2038.31
2066.04
2086.24
2083.89
2096.58
2123.36
2149.67
2170.35
2224.85
2255.4
2284.53
2196.66
2102.69
2164.24
2115.84
2149.67
2119.13
2095.64
2058.52
2055.7
2025.16
1923.66
2023.28
1955.62
2083.89
2017.64
2117.25
1985.22
2015.76
2023.28
2015.76
2035.03
2004.01
1947.16
2014.82
2029.39
1970.65
1974.88
2017.64
1989.92
2017.64
2011.53
2004.01
2035.03
2030.8
1994.15
1989.92
2027.51
2113.02
2133.23
2182.1
2226.26
2250.7
2389.31
2487.51
2402
2478.59
2472.48
2563.63
2556.12
2511.01
2532.62
2540.14
2584.31
2610.62
2681.1
2777.9
2725.27
2773.67
2760.51
2776.96
2745.94
2631.3
2732.32
2672.64
2657.61
2725.27
2660.43
2629.89
2653.38
2563.63
2551.89
2446.17
2437.71
2524.16
2485.63
2417.03
2450.39
2446.17
2459.79
2431.6
2534.5
2636.93
2587.13
2610.62
2591.36
2616.73
2613.44
2597.46
2542.96
2464.02
2237.54
2391.66
2320.24
2342.32
2349.37
2402
2349.37
2375.68
2465.43
2487.51
2534.5
2473.89
2484.69
2408.11
2547.66
2575.38
2657.61
2563.63
2654.79
2626.6
2638.34
2538.73
2428.78
2408.11
2408.11
2287.82
2127.59
2189.61
2331.52
2337.62
2252.58
2352.19
2490.33
2446.17
2425.49
2464.02
2490.33
2560.81
2509.13
2531.68
2464.02
2477.18
2519.47
2499.26
2478.59
2485.63
2473.89
2491.74
2565.51
2587.13
2665.13
2589.95
2547.66
2614.85
2560.81
2573.97
2562.22
2649.15
2643.04
2788.7
2882.68
2939.53
3039.62
2824.88
3035.39
2980.88
2935.3
3000.15
3121.84
3104.46
3127.95
3077.68
3119.02
3037.74
3112.92
3152.86
3171.65
3257.17
3300.87
3298.05
3374.64
3359.6
3349.26
3309.79
3270.32
3280.19
3333.29
3512.31
3518.42
3575.74
3544.73
3480.36
3195.14
3412.23
3358.19
3556.48
3922.04
3800.34
3656.56
3798.93
3888.21
4052.66
4035.28
4105.76
4121.74
4052.66
3908.88
3950.23
3764.63
3819.14
3875.05
3756.17
3823.84
3798.93
3753.35
3593.13
3546.14
3463.91
3482.71
3593.13
3675.36
3579.97
3579.97
3513.72
3568.22
3500.56
3550.84
3635.89
3653.27
3756.17
3813.03
3782.49
3821.02
3772.15
3888.21
3971.85
3910.29
4085.09
4063
4057.36
3923.45
4065.82
4203.96
4234.51
4387.22
4440.31
4287.6
4431.38
4472.73
4457.7
4381.58
4428.56
4304.99
4375.47
4266.93
4102.47
4184.7
4081.8
3864.72
3858.61
3993.93
3993.93
4096.83
4170.13
4008.5
3870.35
3888.21
3826.66
3782.49
3717.64
3791.41
3741.14
3752.89
3794.23
3794.23
3811.62
3705.9
3635.42
3750.07
3752.89
3738.32
3688.51
3658.91
3606.28
3626.96
3676.77
3700.26
3788.13
3667.84
3682.4
3615.21
3756.17
3752.89
3764.63
3846.86
3758.99
3700.26
3667.84
3714.83
3791.41
3867.53
3987.82
4155.57
4038.1
4029.17
4011.32
4017.42
4073.34
4123.15
4222.76
4269.75
4334.59
4231.69
4313.92
4340.23
4378.76
4375.47
4405.07
4463.8
4487.3
4698.74
4531.47
4398.96
4434.2
4302.17
4175.77
4172.95
4190.81
4167.31
4117.04
4026.35
4034.81
3999.57
4011.32
4043.74
4023.06
3926.27
3946.94
3944.12
3897.14
3996.75
4014.6
3967.62
3973.26
3946.94
3961.51
4090.72
4398.96
4481.19
4466.62
4363.72
4313.92
4337.41
4299.35
4405.07
4457.7
4402.25
4343.52
4466.62
4440.31
4402.25
4487.3
4363.72
4434.2
4510.79
4537.1
4452.06
4551.67
4237.8
4322.84
4287.6
4302.17
4228.87
4237.8
4252.36
4358.08
4337.41
4402.25
4393.32
4445.95
4416.82
4322.84
4269.75
4205.37
4096.83
4146.64
4302.17
4255.18
4396.14
4322.84
4434.2
4299.35
4228.87
4296.53
4381.58
4358.08
4367.01
4337.41
4313.92
3985
4217.12
4140.53
4146.64
4217.12
4146.64
4085.09
4061.59
3991.11
3967.62
4211.01
4193.63
4208.19
4304.99
4234.51
4217.12
4278.67
4372.65
4501.86
4475.55
4452.06
4375.47
4322.84
4387.22
4398.49
4519.72
4631.08
5133.38
5479.67
5394.63
5279.98
5464.64
5509.27
5565.19
5579.76
5494.71
5538.41
5521.02
5514.91
5335.89
5221.24
5271.52
5103.77
5330.25
5239.1
5098.13
4904.08
5036.58
5253.66
5192.11
5030.47
5027.65
4877.29
4745.73
4813.39
4693.57
4610.41
4586.91
4628.26
4813.39
4795.54
4904.08
5018.73
5001.34
5142.3
4881.52
4927.57
4756.54
4687
4663.5
4628.26
4698.74
4469.44
4393.32
4428.56
4449.24
4240.61
4311.1
4211.01
4313.92
4452.06
4510.79
4516.43
4407.89
4478.37
4678.07
4586.91
4633.9
4443.13
4507.97
4475.55
4640.01
4546.03
4830.78
5018.73
5291.72
5063.83
4868.84
4942.61
4989.59
4980.67
4437.49
4302.17
4146.64
4128.78
4087.91
4164.02
3999.57
3858.61
3799.87
3717.64
3488.82
3594.54
3826.66
3694.15
3159.9
3230.39
3289.12
3168.83
3324.36
3423.97
3421.15
3306.5
3303.69
3300.87
3333.29
3298.05
3183.4
3130.3
3215.82
3242.13
3268.44
3236.02
3197.96
3071.57
3059.82
3001.56
2966.32
3033.51
2916.04
2933.89
2990.28
3024.58
3101.17
3102.11
3204.07
3253.88
3362.42
3271.26
3242.13
3136.41
3280.19
3327.18
3412.23
3409.41
3470.96
3618.03
3823.37
3756.17
3641.52
3723.75
3712.01
3676.77
3620.85
3744.43
3752.89
3705.9
3818.67
3791.41
3703.08
3676.77
3703.08
3735.5
3676.77
3647.16
3573.86
3450.76
3512.31
3385.91
3327.18
3244.95
3189.04
3333.29
3298.05
3286.3
3221.46
3204.07
3262.81
3298.05
3291.94
3465.32
3468.14
3403.77
3397.66
3383.09
3376.99
3341.75
3341.75
3321.54
3327.18
3327.18
3318.25
3321.54
3298.05
3345.03
3321.54
3330
3289.12
3289.12
3291.94
3289.12
3306.5
3247.77
3230.39
3174.47
3227.57
3074.86
3018.94
2989.81
3048.07
3007.19
2872.34
2971.95
2863.41
2980.88
2857.3
2866.23
2842.74
2798.57
2649.15
2607.8
2622.37
2613.91
2534.5
2537.32
2645.86
2531.68
2513.83
2437.71
2331.99
2745.94
2880.8
3036.33
2942.82
2910.4
2866.23
3039.62
3171.65
3242.13
3218.64
3306.5
3253.88
3227.57
3277.37
3341.75
3218.64
3286.3
3133.59
3195.14
3244.95
3262.81
3262.81
3200.78
3165.54
3103.99
3242.13
3356.78
3259.52
3139.23
2913.22
2728.09
2690.03
2781.19
2819.25
2511.01
2566.92
2607.8
2716.34
2842.74
2722.45
2398.71
2302.38
2229.08
2011.53
1914.74
2102.69
2202.77
2167.53
2120.54
2064.63
2073.55
2029.39
2246.47
2278.89
2299.56
2349.37
2396.36
2490.33
2578.67
2508.19
2519.94
2522.75
2819.25
2854.49
2807.5
2866.23
2948.46
2866.23
2986.52
3030.69
2960.21
2857.3
2936.71
2854.49
2916.04
2913.22
2995.45
2880.8
2763.33
2801.86
2707.89
2772.26
2678.28
2696.14
2596.05
2645.86
2558
2707.89
2790.11
2798.57
2751.58
2701.78
2690.03
2754.87
2813.61
2833.81
2722.45
2569.74
2452.27
2466.84
2598.87
2466.84
2560.81
2563.63
2455.09
2375.68
2581.49
2684.39
2634.11
2696.14
2602.16
2619.55
2575.38
2598.87
2508.19
2525.57
2649.15
2658.08
2722.92
2849.79
2798.57
2885.03
2843.68
2978.53
3092.24
3303.22
3200.31
3204.54
3174.94
3292.41
3267.04
3220.05
3179.17
3336.11
3253.88
3195.14
3328.12
3371.35
3347.38
3342.22
3287.24
3248.24
3229.92
3181.05
3246.83
3180.58
3197.49
3263.28
3307.44
3286.3
3367.12
3326.71
3268.44
3265.16
3270.32
3314.96
3324.83
3424.91
3388.73
3462.97
3423.03
3337.05
3385.44
3299.46
3172.12
3192.8
3205.01
3154.74
3249.18
3289.12
3246.83
3186.69
3282.54
3361.95
3411.29
3385.44
3303.22
3299.46
3209.24
3110.57
3096.47
3017.06
3322.01
3354.9
3357.25
3320.13
3317.31
3346.44
3196.55
3253.41
3148.16
3113.39
3153.8
3103.52
3084.72
3101.64
3138.76
3158.02
3162.25
3126.07
3103.05
3125.13
3053.24
3043.38
3065.46
3089.42
3040.56
2952.69
2996.86
2897.24
2946.11
2872.34
2850.73
2800.45
2908.52
2929.2
2868.58
2774.14
2671.23
2687.21
2639.75
2657.61
2636.46
2580.55
2538.26
2509.6
2558.93
2459.79
2251.64
2379.91
2456.03
2420.32
2354.07
2331.52
2393.54
2425.96
2465.9
2674.52
2638.81
2668.89
2701.78
2518.53
2620.02
2617.2
2626.6
2719.16
2777.9
2647.27
2697.08
2720.57
2841.33
2842.74
2847.91
2928.26
2917.92
2768.5
2786.35
2823
2909.93
2906.64
2946.11
3017.53
3028.81
3023.17
3040.09
3138.76
3205.95
3105.87
3118.09
3112.92
3122.31
3024.11
3025.05
3053.71
3044.31
2968.2
2965.85
3038.21
2999.21
3054.18
3124.19
3194.2
3206.89
3172.59
3179.17
3155.68
3154.27
3102.11
3156.15
3238.37
3224.28
3249.18
3195.61
3181.99
3167.89
3194.2
3205.95
3187.63
3131.71
3153.33
3253.88
3277.37
3227.57
3275.96
3217.7
3266.57
3209.24
3226.16
3235.08
3220.05
3152.86
3129.83
3009.54
3011.89
3016.12
3018
3002.5
2934.36
2963.03
3014.24
2932.01
2856.83
2894.89
2833.34
2824.88
2819.72
2842.27
2831.46
2913.22
2899.12
2815.02
2791.05
2806.09
2727.62
2722.45
2776.96
2775.55
2761.92
2774.61
2877.51
2960.21
2955.98
2991.69
2989.81
2984.17
2937.65
2916.98
2919.8
2866.23
2947.99
2921.68
2885.03
2829.11
2868.58
2841.8
2776.96
2762.86
2816.9
2811.26
2767.56
2698.96
2630.36
2673.11
2551.42
2693.79
2589.95
2626.13
2591.36
2631.3
2650.09
2722.92
2668.42
2698.96
2655.73
2617.2
2530.27
2485.63
2540.61
2418.44
2448.04
2450.86
2473.42
2408.58
2323.06
2310.84
2409.04
2556.12
2468.25
2370.52
2556.12
2560.34
2570.68
2641.16
2607.8
2534.97
2437.24
2523.22
2543.9
2518.06
2426.9
2426.43
2485.63
2395.89
2325.88
2369.58
2419.85
2344.2
2426.9
2501.61
2470.6
2576.79
2497.38
2615.32
2609.21
2606.39
2554.71
2509.13
2447.57
2570.21
2398.71
2565.51
2563.16
2542.96
2461.2
2407.64
2494.56
2556.59
2504.9
2522.75
2445.23
2507.72
2414.68
2410.92
2467.78
2446.17
2343.26
2300.03
2184.45
1961.72
2135.58
2055.23
2201.36
2234.25
2237.07
2235.66
2138.4
2081.07
2109.74
2208.41
2213.58
2262.44
2237.07
2254.93
2220.16
2347.49
2322.59
2351.25
2414.21
2422.67
2483.29
2474.36
2466.84
2458.85
2371.92
2297.21
2355.95
2279.83
2229.55
2231.9
2243.65
2220.16
2280.77
2360.18
2262.44
2203.71
2236.6
2286.88
2195.25
2193.37
2241.77
2189.61
2106.45
2180.22
2213.58
2163.3
2108.33
2082.48
2166.12
2128.53
2132.76
2058.52
2102.69
2078.25
2067.45
2225.32
2267.14
2408.58
2367.7
2456.5
2471.54
2441.94
2416.56
2416.56
2507.25
2408.11
2509.13
2450.39
2452.74
2499.26
2463.55
2666.54
2620.96
2677.81
2640.69
2631.3
2587.6
2542.02
2548.6
2630.83
2659.49
2675.93
2610.15
2584.78
2677.34
2699.43
2728.09
2708.35
2706.48
2745.47
2755.81
2691.44
2637.4
2675.93
2578.2
2584.31
2516.65
